{
    "samples": [
        {
            "x": 5.431686517904303,
            "y": 7.054548281110066,
            "heading": -2.794035990378971,
            "angularVelocity": 0.47860977744014027,
            "velocityX": -2.013783356018682,
            "velocityY": -0.24548260265726654,
            "timestamp": 0
        },
        {
            "x": 5.335969742036524,
            "y": 7.042877840666199,
            "heading": -2.7712920354257697,
            "angularVelocity": 0.31900514159884036,
            "velocityX": -1.3425168886375711,
            "velocityY": -0.16368879176805956,
            "timestamp": 0.07129651528251113
        },
        {
            "x": 5.288113117218018,
            "y": 7.03704309463501,
            "heading": -2.759913815253297,
            "angularVelocity": 0.15959013042063266,
            "velocityX": -0.6712337149841882,
            "velocityY": -0.08183774491739332,
            "timestamp": 0.14259303056502226
        },
        {
            "x": 5.288113117218018,
            "y": 7.03704309463501,
            "heading": -2.759913815253297,
            "angularVelocity": 5.800121700351187e-33,
            "velocityX": -2.4551819954253182e-33,
            "velocityY": 3.3740521101279557e-32,
            "timestamp": 0.2138895458475334
        }
    ]
}